version = 'MMult_1x4_9';
MY_MMult = [
40 5.818182e+00 2.664535e-15 
80 5.720670e+00 9.769963e-15 
120 5.808403e+00 1.065814e-14 
160 5.885057e+00 1.065814e-14 
200 5.704100e+00 1.421085e-14 
240 6.134458e+00 1.776357e-14 
280 6.327136e+00 1.776357e-14 
320 6.840205e+00 3.019807e-14 
360 6.149871e+00 2.486900e-14 
400 5.581720e+00 3.907985e-14 
440 6.929472e+00 3.197442e-14 
480 5.333076e+00 2.842171e-14 
520 5.727647e+00 4.263256e-14 
560 4.272532e+00 4.618528e-14 
600 4.381739e+00 3.907985e-14 
640 5.584185e+00 4.618528e-14 
680 6.432273e+00 4.973799e-14 
720 5.405161e+00 4.973799e-14 
760 5.989167e+00 7.105427e-14 
800 5.330557e+00 4.973799e-14 
];
