version = 'MMult_1x4_7';
MY_MMult = [
40 4.129032e+00 2.664535e-15 
80 3.953668e+00 9.769963e-15 
120 3.835738e+00 1.065814e-14 
160 3.955577e+00 1.065814e-14 
200 3.814064e+00 1.421085e-14 
240 4.202462e+00 1.776357e-14 
280 3.813428e+00 1.776357e-14 
320 4.253099e+00 3.019807e-14 
360 4.268423e+00 2.486900e-14 
400 3.858327e+00 3.907985e-14 
440 4.966418e+00 3.197442e-14 
480 4.551767e+00 2.842171e-14 
520 4.640451e+00 4.263256e-14 
560 4.918596e+00 4.618528e-14 
600 3.903991e+00 3.907985e-14 
640 3.918065e+00 4.618528e-14 
680 4.579752e+00 4.973799e-14 
720 4.805005e+00 4.973799e-14 
760 4.678020e+00 7.105427e-14 
800 4.135068e+00 4.973799e-14 
];
