version = 'MMult2';
MY_MMult = [
40 2.000000e+00 0.000000e+00 
80 1.805996e+00 0.000000e+00 
120 1.676043e+00 0.000000e+00 
160 1.664702e+00 0.000000e+00 
200 1.765615e+00 0.000000e+00 
240 1.988636e+00 0.000000e+00 
280 1.986337e+00 0.000000e+00 
320 1.979222e+00 0.000000e+00 
360 1.936496e+00 0.000000e+00 
400 1.958115e+00 0.000000e+00 
440 1.962222e+00 0.000000e+00 
480 1.944560e+00 0.000000e+00 
520 1.736888e+00 0.000000e+00 
560 1.951408e+00 0.000000e+00 
600 1.956185e+00 0.000000e+00 
640 1.863731e+00 0.000000e+00 
680 1.945099e+00 0.000000e+00 
720 1.925398e+00 0.000000e+00 
760 1.907824e+00 0.000000e+00 
800 1.884092e+00 0.000000e+00 
];
