version = 'MMult0';
MY_MMult = [
40 1.753425e+00 0.000000e+00 
80 1.605016e+00 0.000000e+00 
120 1.673608e+00 0.000000e+00 
160 1.633174e+00 0.000000e+00 
200 1.706667e+00 0.000000e+00 
240 1.756432e+00 0.000000e+00 
280 1.929253e+00 0.000000e+00 
320 1.908945e+00 0.000000e+00 
360 1.927058e+00 0.000000e+00 
400 1.822531e+00 0.000000e+00 
440 1.914419e+00 0.000000e+00 
480 1.732358e+00 0.000000e+00 
520 1.900673e+00 0.000000e+00 
560 1.949762e+00 0.000000e+00 
600 1.971540e+00 0.000000e+00 
640 1.898796e+00 0.000000e+00 
680 1.792447e+00 0.000000e+00 
720 1.729045e+00 0.000000e+00 
760 1.828491e+00 0.000000e+00 
800 1.910327e+00 0.000000e+00 
];
