version = 'MMult_1x4_3';
MY_MMult = [
40 1.882353e+00 0.000000e+00 
80 1.600000e+00 0.000000e+00 
120 1.614953e+00 0.000000e+00 
160 1.754176e+00 0.000000e+00 
200 1.768933e+00 0.000000e+00 
240 1.985066e+00 0.000000e+00 
280 1.967819e+00 0.000000e+00 
320 1.979700e+00 0.000000e+00 
360 1.981020e+00 0.000000e+00 
400 1.945644e+00 0.000000e+00 
440 1.955062e+00 0.000000e+00 
480 1.939904e+00 0.000000e+00 
520 1.948424e+00 0.000000e+00 
560 1.941259e+00 0.000000e+00 
600 1.905300e+00 0.000000e+00 
640 1.940133e+00 0.000000e+00 
680 1.928498e+00 0.000000e+00 
720 1.929898e+00 0.000000e+00 
760 1.908695e+00 0.000000e+00 
800 1.847455e+00 0.000000e+00 
];
