version = 'MMult_1x4_8';
MY_MMult = [
40 5.818182e+00 2.664535e-15 
80 4.923077e+00 9.769963e-15 
120 5.459716e+00 1.065814e-14 
160 5.281754e+00 1.065814e-14 
200 6.329114e+00 1.421085e-14 
240 6.371975e+00 1.776357e-14 
280 6.663227e+00 1.776357e-14 
320 7.085739e+00 3.019807e-14 
360 7.203891e+00 2.486900e-14 
400 5.827718e+00 3.907985e-14 
440 6.932856e+00 3.197442e-14 
480 6.869922e+00 2.842171e-14 
520 6.356888e+00 4.263256e-14 
560 6.541120e+00 4.618528e-14 
600 6.604495e+00 3.907985e-14 
640 6.630346e+00 4.618528e-14 
680 6.298907e+00 4.973799e-14 
720 6.357269e+00 4.973799e-14 
760 5.424915e+00 7.105427e-14 
800 5.396916e+00 4.973799e-14 
];
