version = 'MMult_1x4_4';
MY_MMult = [
40 1.882353e+00 0.000000e+00 
80 1.689769e+00 0.000000e+00 
120 1.531236e+00 0.000000e+00 
160 1.651280e+00 0.000000e+00 
200 1.648295e+00 0.000000e+00 
240 1.996534e+00 0.000000e+00 
280 1.832387e+00 0.000000e+00 
320 1.894652e+00 0.000000e+00 
360 1.741058e+00 0.000000e+00 
400 1.952827e+00 0.000000e+00 
440 1.901980e+00 0.000000e+00 
480 1.585151e+00 0.000000e+00 
520 1.669611e+00 0.000000e+00 
560 1.779336e+00 0.000000e+00 
600 1.959486e+00 0.000000e+00 
640 1.820394e+00 0.000000e+00 
680 1.908928e+00 0.000000e+00 
720 1.937401e+00 0.000000e+00 
760 1.929031e+00 0.000000e+00 
800 1.815342e+00 0.000000e+00 
];
