version = 'MMult1';
MY_MMult = [
40 1.882353e+00 0.000000e+00 
80 1.729730e+00 0.000000e+00 
120 1.742814e+00 0.000000e+00 
160 1.752299e+00 0.000000e+00 
200 1.790510e+00 0.000000e+00 
240 1.997544e+00 0.000000e+00 
280 2.002280e+00 0.000000e+00 
320 1.998292e+00 0.000000e+00 
360 1.987307e+00 0.000000e+00 
400 1.995759e+00 0.000000e+00 
440 1.984646e+00 0.000000e+00 
480 1.923607e+00 0.000000e+00 
520 1.954762e+00 0.000000e+00 
560 1.962859e+00 0.000000e+00 
600 1.913943e+00 0.000000e+00 
640 1.914005e+00 0.000000e+00 
680 1.914519e+00 0.000000e+00 
720 1.909182e+00 0.000000e+00 
760 1.591600e+00 0.000000e+00 
800 1.389277e+00 0.000000e+00 
];
