version = 'MMult_4x4_15';
MY_MMult = [
40 1.163636e+01 2.664535e-15 
80 1.233735e+01 9.769963e-15 
120 9.846154e+00 1.065814e-14 
160 1.270078e+01 1.421085e-14 
200 1.240310e+01 1.776357e-14 
240 1.247091e+01 2.309264e-14 
280 1.476757e+01 3.907985e-14 
320 1.448630e+01 3.907985e-14 
360 1.479499e+01 4.618528e-14 
400 1.439658e+01 4.796163e-14 
440 1.461007e+01 5.151435e-14 
480 1.521210e+01 7.815970e-14 
520 1.506003e+01 7.815970e-14 
560 1.473536e+01 8.171241e-14 
600 1.464407e+01 7.815970e-14 
640 1.421837e+01 9.947598e-14 
680 1.247350e+01 8.526513e-14 
720 1.502972e+01 8.171241e-14 
760 1.483904e+01 9.237056e-14 
800 1.443860e+01 9.947598e-14 
];
