version = 'MMult_1x4_5';
MY_MMult = [
40 2.285714e+00 0.000000e+00 
80 2.178723e+00 0.000000e+00 
120 2.165414e+00 0.000000e+00 
160 2.172944e+00 0.000000e+00 
200 2.182513e+00 0.000000e+00 
240 2.243974e+00 0.000000e+00 
280 2.307700e+00 0.000000e+00 
320 2.637582e+00 0.000000e+00 
360 2.479328e+00 0.000000e+00 
400 2.524605e+00 0.000000e+00 
440 2.431224e+00 0.000000e+00 
480 2.426141e+00 0.000000e+00 
520 2.272269e+00 0.000000e+00 
560 2.459074e+00 0.000000e+00 
600 2.441464e+00 0.000000e+00 
640 2.098554e+00 0.000000e+00 
680 2.003281e+00 0.000000e+00 
720 2.419619e+00 0.000000e+00 
760 2.214355e+00 0.000000e+00 
800 2.201483e+00 0.000000e+00 
];
