version = 'MMult_1x4_6';
MY_MMult = [
40 4.129032e+00 2.664535e-15 
80 2.723404e+00 9.769963e-15 
120 3.848552e+00 1.065814e-14 
160 3.447811e+00 1.065814e-14 
200 3.987042e+00 1.421085e-14 
240 4.193539e+00 1.776357e-14 
280 4.320409e+00 1.776357e-14 
320 4.961841e+00 3.019807e-14 
360 4.986480e+00 2.486900e-14 
400 3.954156e+00 3.907985e-14 
440 4.998474e+00 3.197442e-14 
480 4.245211e+00 2.842171e-14 
520 4.584994e+00 4.263256e-14 
560 4.827666e+00 4.618528e-14 
600 4.954072e+00 3.907985e-14 
640 4.865150e+00 4.618528e-14 
680 4.893883e+00 4.973799e-14 
720 4.832096e+00 4.973799e-14 
760 4.793256e+00 7.105427e-14 
800 4.437992e+00 4.973799e-14 
];
